100 500
78 47 3
51 74 6
0 86 1
50 89 9
18 81 5
15 93 6
16 22 7
48 36 10
7 88 3
16 68 1
6 87 4
31 41 4
83 33 5
77 28 1
91 34 10
65 90 3
53 45 4
45 59 5
71 76 2
3 90 9
35 84 10
25 9 3
52 50 7
80 3 2
48 22 3
36 0 6
67 52 5
13 16 4
84 17 6
78 17 2
81 2 1
93 5 3
50 51 4
32 93 5
97 64 3
31 2 7
74 91 1
28 21 6
37 72 6
65 59 1
39 67 6
47 3 8
43 17 1
33 37 3
65 40 6
66 13 4
46 30 9
89 96 3
46 61 5
91 60 8
38 56 2
14 97 7
65 24 3
56 61 10
17 66 8
58 57 4
63 10 1
71 52 8
71 63 8
83 55 10
8 15 4
60 95 9
32 62 3
28 39 9
29 50 5
44 40 4
86 40 8
64 93 8
8 38 5
12 4 6
73 50 4
55 12 3
36 33 2
44 89 9
40 0 4
2 34 9
9 19 3
56 12 5
87 41 2
94 29 2
9 61 8
78 66 6
0 82 2
39 14 8
88 97 5
54 75 5
22 94 5
6 2 8
0 47 8
21 67 2
65 54 6
76 53 6
29 77 4
60 3 5
37 71 8
13 94 2
68 56 6
51 58 10
35 41 1
49 25 4
97 5 5
28 24 1
83 1 1
98 4 8
79 87 1
17 62 5
32 16 7
88 97 9
61 81 8
29 34 1
20 59 5
67 24 8
14 16 3
77 41 4
6 36 10
57 71 4
59 79 10
72 14 6
37 7 9
65 16 1
58 17 1
13 33 5
15 69 10
92 18 7
58 63 4
89 53 3
88 62 10
89 30 10
45 95 6
62 38 1
15 42 1
59 3 1
15 31 10
21 71 8
2 85 3
9 15 9
44 16 9
72 47 7
83 99 5
33 47 1
16 31 3
33 61 2
6 74 9
43 98 4
77 29 2
68 41 3
51 46 3
53 65 9
28 8 6
25 90 6
74 78 10
6 67 5
41 96 5
7 52 5
12 45 10
81 57 10
98 34 7
53 27 9
23 60 8
34 26 8
36 62 4
92 90 3
23 72 9
6 24 3
99 73 1
91 17 3
90 52 1
61 53 7
15 65 7
43 7 2
88 20 2
5 10 1
84 45 1
77 86 5
98 37 4
74 48 9
20 12 8
39 55 2
74 81 6
81 42 7
18 93 1
22 93 2
47 81 4
87 39 6
38 96 8
16 88 1
6 66 3
71 20 8
65 49 6
63 26 5
79 29 8
27 71 9
47 87 1
22 70 9
83 72 9
11 15 8
17 60 1
69 88 5
71 27 6
58 12 5
15 72 9
70 21 3
69 92 2
25 63 10
47 31 7
34 21 4
75 67 1
98 63 10
98 55 6
3 1 3
8 5 8
87 73 8
87 62 8
70 13 4
18 74 9
54 28 2
17 7 3
25 29 8
9 70 9
34 14 10
48 56 4
68 28 8
68 42 10
30 72 8
63 72 8
88 45 8
48 90 2
50 49 3
62 93 6
97 83 6
10 29 7
72 91 7
61 22 4
44 82 5
46 24 10
21 54 6
89 70 8
20 19 5
90 24 9
12 97 9
37 51 9
5 43 1
7 85 9
80 22 9
78 70 3
73 21 8
63 29 5
70 69 6
74 92 9
84 40 2
59 92 3
48 21 1
98 83 6
12 51 1
83 64 8
14 27 1
16 38 3
30 26 8
89 28 6
3 98 2
20 75 8
19 84 8
86 67 6
38 0 6
6 83 9
80 75 6
6 56 10
7 32 6
55 5 8
70 19 9
65 25 1
6 18 1
66 79 2
12 32 1
27 61 6
5 0 2
67 59 10
89 29 2
39 79 5
27 23 6
46 19 6
84 28 8
20 70 9
94 70 10
63 22 1
71 52 6
61 55 5
66 51 6
20 82 10
37 61 2
29 92 9
91 98 10
81 14 4
66 29 5
26 13 1
56 24 9
27 73 2
69 7 1
41 15 5
48 70 4
98 28 10
68 34 4
46 65 4
54 53 7
82 14 6
90 31 1
56 9 1
20 32 4
10 95 8
69 97 6
94 62 6
38 94 8
5 11 10
4 71 3
84 8 2
0 47 6
53 71 8
14 74 2
22 41 6
64 58 6
81 13 3
64 39 2
1 29 6
7 65 6
20 51 4
91 22 5
61 55 4
18 33 9
65 58 1
51 25 2
76 31 3
49 2 1
84 54 1
27 94 6
91 48 8
80 32 7
66 10 9
78 99 5
93 42 7
66 77 8
77 95 10
60 91 8
94 74 2
78 8 3
96 53 5
84 8 6
30 74 6
64 58 1
98 69 10
77 99 7
11 51 8
62 8 8
22 64 2
52 97 10
80 6 8
7 79 3
19 63 4
3 5 5
88 96 10
40 49 5
80 74 4
92 60 7
10 30 8
27 3 4
72 97 6
42 64 1
20 50 7
47 96 5
86 92 6
37 29 8
31 39 2
75 60 7
48 12 7
42 57 7
58 71 1
69 47 8
24 40 1
76 79 5
32 91 7
57 45 7
94 58 2
44 57 3
46 44 10
13 48 9
53 46 3
96 45 5
26 42 4
32 83 8
0 27 8
95 80 3
37 93 6
19 43 3
22 17 2
24 70 10
28 31 5
3 96 6
48 87 5
63 30 1
18 78 1
67 11 7
94 46 5
86 77 3
97 91 9
69 8 2
62 49 7
45 87 8
97 84 6
85 28 7
23 86 9
89 87 7
66 46 10
81 4 10
94 69 2
25 23 9
20 27 4
79 32 7
32 14 7
47 12 10
53 91 5
27 83 4
73 10 3
91 89 7
57 10 3
31 7 8
69 47 7
95 98 6
56 34 10
9 14 9
36 35 7
39 20 6
48 15 7
25 11 3
41 40 4
1 62 5
80 61 9
99 4 6
4 17 2
16 42 4
85 77 6
65 52 5
57 55 6
47 80 5
92 60 5
62 79 7
38 35 4
11 19 3
60 40 4
81 95 2
70 77 9
66 49 5
53 98 7
51 4 7
22 97 1
26 44 7
43 51 5
5 93 5
34 45 5
25 6 4
94 75 8
29 96 6
41 35 5
6 50 2
36 23 5
70 81 2
16 64 5
79 74 8
84 18 8
18 6 3
25 21 10
72 31 9
56 48 2
65 67 6
69 11 7
16 26 5
1 64 5
96 66 8
57 17 10
72 4 9
39 65 3
31 76 8
50 94 8
55 65 2
48 2 8
82 30 4
45 32 7
36 84 1
51 60 9
62 9 9
39 61 1
98 29 9
1 41 7
57 9 1
70 12 9
38 77 5
14 38 8
52 88 2
11 67 2
85 95 9
69 95 9
19 65 2